702.000000 417.000000 710.000000 430.000000 0.866944
802.000000 430.000000 812.000000 443.000000 0.790255
303.000000 427.000000 316.000000 445.000000 0.573769
846.000000 425.000000 855.000000 435.000000 0.568483
278.000000 433.000000 288.000000 451.000000 0.566754
637.000000 431.000000 645.000000 443.000000 0.532472
370.000000 439.000000 376.000000 447.000000 0.455122
720.000000 422.000000 727.000000 431.000000 0.386418
433.000000 443.000000 440.000000 451.000000 0.379950
610.000000 426.000000 618.000000 437.000000 0.339998
398.000000 438.000000 403.000000 446.000000 0.324779
480.000000 440.000000 485.000000 447.000000 0.292312
223.000000 440.000000 230.000000 450.000000 0.216161
580.000000 442.000000 586.000000 451.000000 0.205750
744.000000 428.000000 751.000000 438.000000 0.195287
623.000000 427.000000 629.000000 438.000000 0.166211
415.000000 445.000000 420.000000 452.000000 0.117218
310.000000 430.000000 322.000000 447.000000 0.115110
846.000000 418.000000 857.000000 429.000000 0.114374
615.000000 427.000000 623.000000 438.000000 0.114170
373.000000 439.000000 380.000000 447.000000 0.109685
586.000000 438.000000 593.000000 447.000000 0.104521
464.000000 441.000000 469.000000 448.000000 0.101458
444.000000 446.000000 450.000000 454.000000 0.100886
409.000000 444.000000 416.000000 453.000000 0.100449
414.000000 432.000000 420.000000 440.000000 0.099358
674.000000 417.000000 681.000000 426.000000 0.097150
846.000000 429.000000 857.000000 441.000000 0.093122
796.000000 430.000000 803.000000 442.000000 0.089040
747.000000 430.000000 755.000000 440.000000 0.087252
394.000000 438.000000 399.000000 446.000000 0.086880
425.000000 441.000000 431.000000 449.000000 0.084876
453.000000 444.000000 459.000000 451.000000 0.083923
582.000000 438.000000 589.000000 448.000000 0.083054
405.000000 443.000000 411.000000 452.000000 0.082070
322.000000 402.000000 333.000000 417.000000 0.081737
847.000000 413.000000 857.000000 423.000000 0.080753
360.000000 434.000000 367.000000 443.000000 0.080719
672.000000 422.000000 679.000000 432.000000 0.080456
959.000000 409.000000 969.000000 424.000000 0.077116
260.000000 432.000000 269.000000 448.000000 0.076640
377.000000 439.000000 383.000000 447.000000 0.076314
706.000000 419.000000 715.000000 432.000000 0.074982
414.000000 425.000000 419.000000 432.000000 0.074777
365.000000 437.000000 371.000000 446.000000 0.071440
191.000000 432.000000 200.000000 444.000000 0.071192
516.000000 435.000000 522.000000 441.000000 0.070482
429.000000 442.000000 435.000000 451.000000 0.070029
411.000000 455.000000 417.000000 463.000000 0.069935
716.000000 421.000000 723.000000 432.000000 0.068757
632.000000 432.000000 642.000000 444.000000 0.067943
842.000000 421.000000 851.000000 432.000000 0.067772
671.000000 417.000000 677.000000 426.000000 0.067584
807.000000 429.000000 815.000000 440.000000 0.067012
390.000000 433.000000 395.000000 440.000000 0.066293
447.000000 444.000000 452.000000 450.000000 0.065955
459.000000 456.000000 464.000000 464.000000 0.065807
742.000000 426.000000 749.000000 435.000000 0.065597
418.000000 432.000000 423.000000 440.000000 0.064760
748.000000 424.000000 756.000000 433.000000 0.064750
366.000000 433.000000 373.000000 441.000000 0.064448
412.000000 447.000000 419.000000 456.000000 0.064330
626.000000 441.000000 636.000000 454.000000 0.063570
427.000000 432.000000 433.000000 440.000000 0.063320
380.000000 436.000000 386.000000 444.000000 0.063291
207.000000 445.000000 214.000000 453.000000 0.063048
269.000000 431.000000 284.000000 451.000000 0.062943
392.000000 430.000000 398.000000 437.000000 0.062892
443.000000 442.000000 448.000000 450.000000 0.061632
437.000000 443.000000 443.000000 452.000000 0.061560
407.000000 448.000000 414.000000 456.000000 0.061233
403.000000 438.000000 409.000000 446.000000 0.059862
724.000000 420.000000 731.000000 430.000000 0.059855
425.000000 436.000000 431.000000 444.000000 0.059837
666.000000 422.000000 674.000000 433.000000 0.059722
391.000000 439.000000 396.000000 445.000000 0.059633
425.000000 432.000000 430.000000 440.000000 0.059311
430.000000 436.000000 436.000000 445.000000 0.058936
414.000000 438.000000 420.000000 446.000000 0.058622
423.000000 439.000000 428.000000 447.000000 0.058355
418.000000 443.000000 423.000000 450.000000 0.058253
450.000000 445.000000 457.000000 454.000000 0.058180
588.000000 434.000000 594.000000 441.000000 0.058156
388.000000 436.000000 393.000000 443.000000 0.058106
412.000000 434.000000 417.000000 442.000000 0.057610
452.000000 440.000000 457.000000 446.000000 0.057484
606.000000 424.000000 614.000000 434.000000 0.056582
412.000000 430.000000 418.000000 438.000000 0.056518
314.000000 420.000000 330.000000 441.000000 0.056094
402.000000 430.000000 407.000000 437.000000 0.055940
202.000000 447.000000 210.000000 458.000000 0.055727
587.000000 408.000000 593.000000 415.000000 0.055628
839.000000 427.000000 848.000000 438.000000 0.055472
388.000000 430.000000 393.000000 438.000000 0.055354
879.000000 428.000000 886.000000 437.000000 0.055250
396.000000 430.000000 401.000000 438.000000 0.055191
680.000000 416.000000 685.000000 424.000000 0.055157
430.000000 430.000000 436.000000 438.000000 0.055140
370.000000 431.000000 376.000000 438.000000 0.054992
422.000000 443.000000 428.000000 451.000000 0.054888
620.000000 424.000000 627.000000 435.000000 0.054885
407.000000 424.000000 413.000000 431.000000 0.054329
384.000000 438.000000 389.000000 446.000000 0.054281
251.000000 444.000000 262.000000 461.000000 0.054184
446.000000 447.000000 453.000000 457.000000 0.054124
607.000000 437.000000 616.000000 449.000000 0.054073
377.000000 433.000000 383.000000 441.000000 0.053594
676.000000 423.000000 683.000000 434.000000 0.053480
578.000000 437.000000 585.000000 446.000000 0.053392
404.000000 423.000000 410.000000 431.000000 0.053317
321.000000 444.000000 338.000000 462.000000 0.053266
470.000000 417.000000 474.000000 422.000000 0.053238
327.000000 382.000000 337.000000 397.000000 0.052978
588.000000 441.000000 597.000000 451.000000 0.052710
603.000000 427.000000 611.000000 438.000000 0.052689
951.000000 410.000000 966.000000 430.000000 0.052594
509.000000 451.000000 515.000000 459.000000 0.052481
583.000000 427.000000 589.000000 434.000000 0.052428
445.000000 439.000000 450.000000 446.000000 0.052383
393.000000 422.000000 399.000000 429.000000 0.052367
441.000000 422.000000 445.000000 429.000000 0.051993
586.000000 431.000000 592.000000 438.000000 0.051982
642.000000 432.000000 652.000000 445.000000 0.051939
410.000000 439.000000 416.000000 446.000000 0.051795
402.000000 446.000000 408.000000 454.000000 0.051619
626.000000 429.000000 635.000000 441.000000 0.051377
854.000000 430.000000 862.000000 442.000000 0.051359
400.000000 457.000000 407.000000 466.000000 0.051276
427.000000 427.000000 433.000000 435.000000 0.051082
447.000000 439.000000 452.000000 446.000000 0.051080
396.000000 424.000000 402.000000 432.000000 0.051073
404.000000 433.000000 410.000000 440.000000 0.050854
389.000000 458.000000 395.000000 466.000000 0.050812
662.000000 422.000000 670.000000 433.000000 0.050755
372.000000 433.000000 379.000000 441.000000 0.050591
407.000000 435.000000 413.000000 443.000000 0.050518
327.000000 424.000000 338.000000 439.000000 0.050252
601.000000 443.000000 608.000000 452.000000 0.050090
