511.000000 351.000000 561.000000 415.000000 0.999771
813.000000 415.000000 840.000000 445.000000 0.999471
990.000000 406.000000 1028.000000 447.000000 0.999184
754.000000 427.000000 782.000000 456.000000 0.998849
692.000000 421.000000 719.000000 446.000000 0.989449
409.000000 436.000000 417.000000 447.000000 0.978185
394.000000 443.000000 401.000000 453.000000 0.928775
337.000000 449.000000 343.000000 457.000000 0.611993
458.000000 435.000000 480.000000 461.000000 0.504742
358.000000 447.000000 364.000000 455.000000 0.315699
291.000000 451.000000 297.000000 459.000000 0.244760
320.000000 442.000000 326.000000 451.000000 0.184389
857.000000 416.000000 873.000000 438.000000 0.183934
293.000000 442.000000 298.000000 449.000000 0.091723
362.000000 447.000000 368.000000 456.000000 0.080349
347.000000 438.000000 352.000000 446.000000 0.079517
287.000000 445.000000 292.000000 452.000000 0.077509
373.000000 454.000000 380.000000 463.000000 0.073619
329.000000 430.000000 334.000000 437.000000 0.071183
278.000000 448.000000 282.000000 454.000000 0.070033
270.000000 445.000000 274.000000 451.000000 0.070019
1050.000000 332.000000 1060.000000 343.000000 0.069180
355.000000 446.000000 360.000000 455.000000 0.069068
1073.000000 338.000000 1080.000000 347.000000 0.068988
310.000000 443.000000 316.000000 451.000000 0.067763
390.000000 463.000000 396.000000 471.000000 0.067426
295.000000 441.000000 301.000000 448.000000 0.066842
1061.000000 341.000000 1069.000000 352.000000 0.063652
366.000000 446.000000 372.000000 455.000000 0.063550
272.000000 445.000000 276.000000 451.000000 0.062789
375.000000 438.000000 381.000000 447.000000 0.061737
276.000000 446.000000 280.000000 452.000000 0.061594
1043.000000 414.000000 1064.000000 445.000000 0.061351
336.000000 439.000000 341.000000 445.000000 0.061232
370.000000 408.000000 375.000000 417.000000 0.061193
362.000000 453.000000 369.000000 462.000000 0.060035
339.000000 436.000000 344.000000 443.000000 0.059471
395.000000 428.000000 401.000000 438.000000 0.059266
352.000000 438.000000 357.000000 446.000000 0.058832
347.000000 434.000000 352.000000 441.000000 0.058745
350.000000 444.000000 355.000000 452.000000 0.058336
333.000000 438.000000 338.000000 445.000000 0.057339
1064.000000 340.000000 1073.000000 349.000000 0.057226
252.000000 452.000000 257.000000 458.000000 0.057078
347.000000 447.000000 352.000000 455.000000 0.057020
364.000000 433.000000 370.000000 442.000000 0.056857
289.000000 447.000000 296.000000 456.000000 0.055736
281.000000 445.000000 285.000000 452.000000 0.055209
306.000000 416.000000 311.000000 423.000000 0.054926
333.000000 445.000000 339.000000 453.000000 0.054777
278.000000 443.000000 282.000000 449.000000 0.054759
300.000000 427.000000 306.000000 434.000000 0.054610
358.000000 438.000000 364.000000 445.000000 0.054074
316.000000 435.000000 321.000000 443.000000 0.053992
275.000000 443.000000 279.000000 449.000000 0.053960
377.000000 452.000000 384.000000 462.000000 0.053940
370.000000 452.000000 376.000000 461.000000 0.053569
353.000000 442.000000 359.000000 450.000000 0.053239
1021.000000 389.000000 1045.000000 425.000000 0.052892
267.000000 447.000000 272.000000 453.000000 0.052853
329.000000 447.000000 335.000000 455.000000 0.052682
309.000000 439.000000 314.000000 446.000000 0.052659
318.000000 433.000000 323.000000 440.000000 0.052485
247.000000 436.000000 252.000000 443.000000 0.052427
289.000000 440.000000 296.000000 447.000000 0.052401
285.000000 440.000000 291.000000 447.000000 0.052397
307.000000 436.000000 312.000000 443.000000 0.052362
262.000000 448.000000 266.000000 454.000000 0.051991
369.000000 445.000000 374.000000 452.000000 0.051985
1053.000000 336.000000 1062.000000 348.000000 0.051602
329.000000 441.000000 335.000000 449.000000 0.051470
373.000000 440.000000 379.000000 449.000000 0.050913
377.000000 442.000000 383.000000 451.000000 0.050686
329.000000 434.000000 334.000000 442.000000 0.050602
300.000000 438.000000 305.000000 445.000000 0.050599
316.000000 431.000000 320.000000 437.000000 0.050594
349.000000 418.000000 354.000000 425.000000 0.050524
356.000000 436.000000 361.000000 443.000000 0.050314
1046.000000 333.000000 1053.000000 343.000000 0.050114
281.000000 440.000000 286.000000 446.000000 0.050110
364.000000 443.000000 370.000000 450.000000 0.050003
