468.000000 388.000000 478.000000 401.000000 0.995899
916.000000 361.000000 965.000000 439.000000 0.987687
444.000000 391.000000 451.000000 402.000000 0.778988
506.000000 398.000000 514.000000 410.000000 0.566992
386.000000 395.000000 392.000000 404.000000 0.538666
559.000000 386.000000 567.000000 399.000000 0.463589
490.000000 391.000000 497.000000 401.000000 0.375312
571.000000 396.000000 579.000000 407.000000 0.361624
534.000000 395.000000 541.000000 404.000000 0.356536
370.000000 401.000000 376.000000 412.000000 0.288289
412.000000 399.000000 417.000000 407.000000 0.272377
552.000000 386.000000 561.000000 399.000000 0.240322
354.000000 397.000000 361.000000 406.000000 0.194370
569.000000 408.000000 577.000000 418.000000 0.183298
373.000000 390.000000 380.000000 399.000000 0.157456
355.000000 411.000000 364.000000 421.000000 0.145595
289.000000 403.000000 295.000000 411.000000 0.143802
493.000000 392.000000 501.000000 403.000000 0.140919
324.000000 398.000000 329.000000 404.000000 0.140371
333.000000 402.000000 338.000000 409.000000 0.137078
461.000000 374.000000 468.000000 385.000000 0.132319
394.000000 389.000000 400.000000 398.000000 0.126383
682.000000 386.000000 687.000000 394.000000 0.126364
487.000000 390.000000 493.000000 401.000000 0.126055
142.000000 157.000000 363.000000 443.000000 0.123288
660.000000 432.000000 671.000000 444.000000 0.112485
520.000000 396.000000 526.000000 403.000000 0.105366
566.000000 395.000000 574.000000 407.000000 0.102766
579.000000 426.000000 586.000000 436.000000 0.100458
1030.000000 374.000000 1096.000000 470.000000 0.100436
305.000000 401.000000 311.000000 409.000000 0.100155
308.000000 402.000000 314.000000 409.000000 0.086867
487.000000 378.000000 495.000000 387.000000 0.084853
589.000000 391.000000 597.000000 402.000000 0.083559
88.000000 82.000000 268.000000 344.000000 0.081330
392.000000 393.000000 398.000000 403.000000 0.080930
313.000000 402.000000 318.000000 408.000000 0.079432
382.000000 394.000000 389.000000 404.000000 0.075623
511.000000 397.000000 518.000000 407.000000 0.073095
377.000000 396.000000 385.000000 406.000000 0.072755
373.000000 396.000000 381.000000 406.000000 0.071595
602.000000 399.000000 609.000000 410.000000 0.070972
513.000000 391.000000 520.000000 400.000000 0.070819
599.000000 401.000000 606.000000 412.000000 0.069628
549.000000 383.000000 557.000000 396.000000 0.068079
379.000000 389.000000 386.000000 398.000000 0.067759
530.000000 395.000000 536.000000 404.000000 0.065531
439.000000 389.000000 447.000000 400.000000 0.065019
294.000000 391.000000 300.000000 399.000000 0.064816
302.000000 403.000000 308.000000 411.000000 0.064459
576.000000 395.000000 584.000000 406.000000 0.064326
559.000000 372.000000 566.000000 381.000000 0.064137
498.000000 377.000000 506.000000 386.000000 0.063492
639.000000 387.000000 646.000000 398.000000 0.063152
447.000000 390.000000 454.000000 399.000000 0.063137
368.000000 399.000000 374.000000 408.000000 0.063044
421.000000 404.000000 426.000000 411.000000 0.062335
354.000000 405.000000 363.000000 416.000000 0.061991
610.000000 402.000000 618.000000 411.000000 0.061777
276.000000 406.000000 280.000000 412.000000 0.061633
294.000000 402.000000 299.000000 409.000000 0.061566
596.000000 438.000000 604.000000 448.000000 0.061196
605.000000 396.000000 612.000000 407.000000 0.060959
616.000000 397.000000 622.000000 406.000000 0.059910
419.000000 400.000000 425.000000 409.000000 0.059468
586.000000 393.000000 592.000000 403.000000 0.058772
298.000000 402.000000 304.000000 409.000000 0.058541
703.000000 389.000000 709.000000 398.000000 0.058193
611.000000 396.000000 618.000000 406.000000 0.058133
401.000000 403.000000 406.000000 412.000000 0.057954
314.000000 399.000000 319.000000 406.000000 0.057524
370.000000 394.000000 377.000000 404.000000 0.057361
568.000000 400.000000 577.000000 412.000000 0.057269
312.000000 408.000000 318.000000 416.000000 0.056897
364.000000 398.000000 371.000000 407.000000 0.056170
572.000000 389.000000 581.000000 401.000000 0.056044
501.000000 394.000000 509.000000 406.000000 0.055790
526.000000 407.000000 534.000000 417.000000 0.054743
390.000000 406.000000 395.000000 414.000000 0.053964
344.000000 396.000000 349.000000 403.000000 0.053934
332.000000 405.000000 338.000000 414.000000 0.053781
477.000000 376.000000 484.000000 386.000000 0.053728
565.000000 387.000000 574.000000 400.000000 0.053669
383.000000 390.000000 390.000000 399.000000 0.053589
360.000000 397.000000 367.000000 406.000000 0.053552
524.000000 397.000000 531.000000 405.000000 0.053470
332.000000 412.000000 338.000000 421.000000 0.053191
610.000000 377.000000 617.000000 387.000000 0.053075
521.000000 402.000000 528.000000 412.000000 0.053048
341.000000 392.000000 346.000000 399.000000 0.053004
491.000000 386.000000 500.000000 397.000000 0.052757
496.000000 389.000000 505.000000 399.000000 0.052699
562.000000 397.000000 571.000000 410.000000 0.052696
274.000000 406.000000 278.000000 411.000000 0.052653
699.000000 391.000000 705.000000 399.000000 0.052511
574.000000 404.000000 583.000000 415.000000 0.052464
635.000000 372.000000 640.000000 380.000000 0.052359
319.000000 396.000000 324.000000 403.000000 0.052357
322.000000 399.000000 327.000000 407.000000 0.052297
365.000000 402.000000 372.000000 413.000000 0.051699
319.000000 419.000000 324.000000 426.000000 0.051676
500.000000 400.000000 508.000000 411.000000 0.051547
415.000000 402.000000 421.000000 411.000000 0.051495
308.000000 405.000000 315.000000 414.000000 0.051481
330.000000 399.000000 335.000000 406.000000 0.051398
322.000000 394.000000 327.000000 401.000000 0.050738
602.000000 393.000000 609.000000 402.000000 0.050495
520.000000 407.000000 528.000000 418.000000 0.050399
555.000000 392.000000 564.000000 405.000000 0.050257
