677.000000 260.000000 728.000000 317.000000 0.999500
739.000000 305.000000 774.000000 347.000000 0.994143
486.000000 360.000000 495.000000 373.000000 0.992240
459.000000 357.000000 468.000000 370.000000 0.948230
579.000000 360.000000 587.000000 371.000000 0.473130
444.000000 352.000000 451.000000 362.000000 0.280956
574.000000 360.000000 582.000000 372.000000 0.152505
519.000000 348.000000 530.000000 361.000000 0.143344
426.000000 355.000000 432.000000 363.000000 0.140622
433.000000 368.000000 440.000000 377.000000 0.128629
547.000000 352.000000 555.000000 362.000000 0.124796
418.000000 363.000000 423.000000 370.000000 0.118345
542.000000 351.000000 550.000000 361.000000 0.112943
574.000000 353.000000 582.000000 365.000000 0.111524
534.000000 357.000000 541.000000 366.000000 0.099111
408.000000 367.000000 413.000000 373.000000 0.073534
5.000000 275.000000 23.000000 300.000000 0.072222
571.000000 364.000000 578.000000 374.000000 0.070817
539.000000 354.000000 546.000000 363.000000 0.070322
428.000000 358.000000 435.000000 368.000000 0.070123
1015.000000 310.000000 1051.000000 346.000000 0.069512
605.000000 346.000000 612.000000 354.000000 0.068124
599.000000 363.000000 607.000000 374.000000 0.063659
420.000000 361.000000 425.000000 368.000000 0.061920
526.000000 364.000000 534.000000 374.000000 0.060144
397.000000 366.000000 402.000000 372.000000 0.058703
510.000000 360.000000 519.000000 370.000000 0.058271
973.000000 357.000000 998.000000 388.000000 0.056892
528.000000 356.000000 536.000000 366.000000 0.056605
535.000000 363.000000 543.000000 373.000000 0.056315
576.000000 365.000000 585.000000 376.000000 0.054682
556.000000 360.000000 562.000000 370.000000 0.054637
1021.000000 354.000000 1057.000000 390.000000 0.053269
541.000000 346.000000 549.000000 356.000000 0.053021
573.000000 369.000000 580.000000 379.000000 0.051693
531.000000 361.000000 539.000000 371.000000 0.051573
512.000000 353.000000 521.000000 364.000000 0.051354
1008.000000 470.000000 1032.000000 494.000000 0.051283
553.000000 365.000000 561.000000 376.000000 0.051104
511.000000 366.000000 521.000000 377.000000 0.050810
401.000000 352.000000 407.000000 360.000000 0.050140
