500.000000 304.000000 514.000000 318.000000 0.996156
460.000000 308.000000 469.000000 319.000000 0.983426
913.000000 291.000000 935.000000 330.000000 0.918780
399.000000 309.000000 407.000000 319.000000 0.719997
570.000000 308.000000 577.000000 321.000000 0.717282
558.000000 310.000000 566.000000 323.000000 0.586861
21.000000 293.000000 32.000000 306.000000 0.555817
686.000000 283.000000 701.000000 306.000000 0.411855
0.000000 297.000000 11.000000 311.000000 0.377863
122.000000 301.000000 130.000000 314.000000 0.321793
565.000000 308.000000 573.000000 321.000000 0.177535
548.000000 312.000000 564.000000 334.000000 0.146780
806.000000 263.000000 824.000000 286.000000 0.143760
118.000000 298.000000 126.000000 311.000000 0.128972
418.000000 310.000000 423.000000 317.000000 0.122101
144.000000 263.000000 154.000000 276.000000 0.113439
43.000000 304.000000 52.000000 316.000000 0.101751
822.000000 287.000000 840.000000 316.000000 0.100074
389.000000 300.000000 396.000000 307.000000 0.099837
115.000000 303.000000 123.000000 315.000000 0.096723
391.000000 311.000000 397.000000 319.000000 0.094257
33.000000 316.000000 43.000000 328.000000 0.089932
856.000000 296.000000 871.000000 318.000000 0.088787
164.000000 276.000000 171.000000 286.000000 0.082169
692.000000 274.000000 703.000000 298.000000 0.079509
553.000000 306.000000 562.000000 320.000000 0.074857
676.000000 286.000000 695.000000 310.000000 0.072084
112.000000 258.000000 119.000000 266.000000 0.070735
78.000000 301.000000 91.000000 317.000000 0.067535
60.000000 313.000000 71.000000 325.000000 0.066175
852.000000 295.000000 863.000000 312.000000 0.064632
749.000000 270.000000 762.000000 301.000000 0.064567
533.000000 311.000000 544.000000 327.000000 0.064365
161.000000 266.000000 170.000000 277.000000 0.064190
174.000000 299.000000 180.000000 309.000000 0.064159
131.000000 256.000000 138.000000 265.000000 0.064106
112.000000 287.000000 126.000000 308.000000 0.063904
534.000000 301.000000 546.000000 318.000000 0.061277
34.000000 299.000000 44.000000 310.000000 0.060129
864.000000 291.000000 883.000000 317.000000 0.060056
35.000000 306.000000 48.000000 322.000000 0.059950
18.000000 299.000000 30.000000 314.000000 0.058773
136.000000 263.000000 145.000000 275.000000 0.058713
803.000000 271.000000 831.000000 311.000000 0.058086
31.000000 307.000000 41.000000 321.000000 0.057475
44.000000 326.000000 58.000000 344.000000 0.056167
15.000000 294.000000 26.000000 307.000000 0.055629
62.000000 303.000000 74.000000 315.000000 0.055223
132.000000 262.000000 141.000000 274.000000 0.055041
4.000000 300.000000 16.000000 314.000000 0.054769
165.000000 269.000000 175.000000 283.000000 0.054740
100.000000 281.000000 116.000000 302.000000 0.054578
590.000000 310.000000 598.000000 322.000000 0.054388
152.000000 269.000000 167.000000 289.000000 0.054338
653.000000 291.000000 662.000000 304.000000 0.054323
550.000000 301.000000 560.000000 314.000000 0.054194
149.000000 258.000000 164.000000 277.000000 0.053880
151.000000 320.000000 157.000000 329.000000 0.053497
21.000000 286.000000 31.000000 298.000000 0.053425
170.000000 317.000000 177.000000 325.000000 0.053415
396.000000 307.000000 403.000000 315.000000 0.053042
150.000000 311.000000 156.000000 319.000000 0.052497
155.000000 279.000000 170.000000 299.000000 0.052333
788.000000 275.000000 799.000000 291.000000 0.052217
169.000000 266.000000 179.000000 277.000000 0.051987
62.000000 294.000000 74.000000 308.000000 0.051926
9.000000 296.000000 20.000000 308.000000 0.051890
103.000000 256.000000 119.000000 275.000000 0.051607
561.000000 305.000000 569.000000 319.000000 0.051535
763.000000 296.000000 771.000000 312.000000 0.051268
97.000000 248.000000 102.000000 254.000000 0.051083
547.000000 307.000000 558.000000 324.000000 0.051038
78.000000 295.000000 89.000000 308.000000 0.051020
793.000000 258.000000 820.000000 296.000000 0.050955
172.000000 289.000000 178.000000 297.000000 0.050813
392.000000 306.000000 398.000000 314.000000 0.050690
54.000000 315.000000 68.000000 333.000000 0.050164
118.000000 305.000000 127.000000 319.000000 0.050137
